Webots Project File version 8.3.0
perspectives: 000000ff00000000fd000000020000000100000356000002b6fc0200000001fb0000001400540065007800740045006400690074006f00720100000015000002b60000009d00ffffff00000003000006910000010efc0100000001fb0000000e0043006f006e0073006f006c00650100000000000006910000005400ffffff00000335000002b600000001000000020000000100000008fc00000000
simulationViewPerspectives: 000000ff000000010000000200000100000004670100000006010000000100
sceneTreePerspectives: 000000ff0000000100000002000000c00000007b0100000006010000000200
minimizedPerspectives: 
maximizedDockId: -1
centralWidgetVisible: 1
orthographicViewHeight: 1
textFiles: 0 "controllers/colourSenseTest/colourSenseTest.c" "controllers/advanced_genetic_algorithm_supervisor/advanced_genetic_algorithm_supervisor.c"
renderingDevicePerspectives: 259;1;0.961538;0.0465116;0.0309561
renderingDevicePerspectives: 5;1;0.25;0.0465116;0.0211599
