Webots Project File version 8.3.0
perspectives: 000000ff00000000fd0000000200000001000002e3000002c7fc0200000001fb0000001400540065007800740045006400690074006f00720100000015000002c70000009d00ffffff0000000300000691000000fdfc0100000001fb0000000e0043006f006e0073006f006c00650100000000000006910000005400ffffff000003a8000002c700000001000000020000000100000008fc00000000
simulationViewPerspectives: 000000ff0000000100000002000000fa000002a80100000006010000000100
sceneTreePerspectives: 000000ff0000000100000002000000c00000007b0100000006010000000200
minimizedPerspectives: 
maximizedDockId: -1
centralWidgetVisible: 1
orthographicViewHeight: 1
textFiles: 1 "controllers/colourSenseTest/colourSenseTest.c" "controllers/advanced_genetic_algorithm_supervisor/advanced_genetic_algorithm_supervisor.c"
renderingDevicePerspectives: 6;1;1.29;0.191176;0.1
renderingDevicePerspectives: 260;0;0.961538;0.0382353;0.0301527
